0 0.040990 0.406926 0.062500 0.044733
0 0.156250 0.411255 0.054383 0.041847
0 0.209416 0.413420 0.050325 0.049062
0 0.211039 0.459596 0.053571 0.037518
0 0.154221 0.461760 0.056818 0.044733
0 0.209821 0.505051 0.054383 0.044733
0 0.155844 0.505772 0.051948 0.049062
0 0.153003 0.556277 0.054383 0.051948
0 0.209010 0.552670 0.054383 0.041847
0 0.158685 0.747475 0.046266 0.044733
0 0.041396 0.842713 0.056818 0.050505
0 0.212662 0.798701 0.055195 0.046176
0 0.338068 0.751082 0.052760 0.049062
0 0.335633 0.794372 0.054383 0.049062
0 0.383929 0.797258 0.051948 0.049062
0 0.571023 0.753968 0.059253 0.054834
0 0.327110 0.406926 0.060065 0.053391
0 0.383929 0.413420 0.053571 0.046176
0 0.383117 0.459596 0.053571 0.040404
0 0.377841 0.504329 0.049513 0.040404
0 0.330763 0.500722 0.043019 0.044733
0 0.327922 0.551948 0.058442 0.051948
0 0.382305 0.551227 0.051948 0.047619
0 0.507305 0.413420 0.050325 0.043290
0 0.556006 0.460317 0.058442 0.053391
0 0.501218 0.463203 0.052760 0.047619
0 0.563312 0.503608 0.055195 0.036075
0 0.558442 0.554113 0.055195 0.047619
0 0.506494 0.551227 0.053571 0.056277
0 0.734578 0.414141 0.058442 0.050505
0 0.683847 0.460317 0.054383 0.050505
0 0.738231 0.510101 0.049513 0.051948
0 0.856331 0.458874 0.055195 0.047619
0 0.908279 0.411255 0.056818 0.053391
0 0.907062 0.507215 0.047890 0.040404
0 0.883929 0.552670 0.056818 0.047619
0 0.912338 0.746753 0.050325 0.046176