0 0.575893 0.444444 0.025162 0.090909
0 0.626623 0.352092 0.022727 0.090909
0 0.681006 0.348485 0.027597 0.083694
0 0.733766 0.354257 0.032468 0.080808
0 0.705763 0.440115 0.025162 0.088023
0 0.761769 0.452381 0.023539 0.092352
0 0.761769 0.662338 0.026786 0.093795
0 0.731331 0.661616 0.024351 0.083694
0 0.681818 0.665224 0.025974 0.085137
0 0.709010 0.746753 0.028409 0.092352
0 0.653003 0.750361 0.026786 0.090909
0 0.598620 0.748918 0.020292 0.088023
0 0.571834 0.751804 0.025162 0.090909
0 0.546266 0.748918 0.029221 0.088023
0 0.519481 0.756133 0.024351 0.088023
0 0.491071 0.758297 0.022727 0.095238
0 0.465503 0.757576 0.021916 0.090909
0 0.412744 0.751082 0.026786 0.092352
0 0.383929 0.750361 0.029221 0.093795
0 0.252841 0.940115 0.025162 0.086580
0 0.360795 0.941558 0.025162 0.089466
0 0.413555 0.959235 0.023539 0.081530
0 0.437500 0.949495 0.024351 0.090909
0 0.465909 0.950216 0.022727 0.086580
0 0.492695 0.948773 0.021104 0.092352
0 0.519886 0.947330 0.026786 0.095238
0 0.572240 0.951299 0.025974 0.097402
0 0.599432 0.944444 0.025162 0.103896
0 0.627435 0.943001 0.029221 0.101010