0 0.066153 0.468975 0.130682 0.105339
0 0.360390 0.492063 0.120130 0.099567
0 0.494318 0.492785 0.115260 0.112554
0 0.489854 0.613997 0.106331 0.103896
0 0.355114 0.605339 0.133929 0.106782
0 0.353490 0.727273 0.116071 0.096681
0 0.484984 0.727273 0.111201 0.111111
0 0.485795 0.844877 0.116071 0.121212
0 0.339286 0.851371 0.126623 0.108225
0 0.793831 0.500000 0.136364 0.118326
0 0.922078 0.508658 0.120130 0.118326
0 0.926136 0.624820 0.108766 0.105339
0 0.922078 0.743867 0.115260 0.101010
0 0.798295 0.738095 0.116071 0.112554
0 0.787744 0.856421 0.117695 0.118326
0 0.918425 0.863636 0.120942 0.103896