0 0.218344 0.408369 0.118506 0.109668
0 0.336851 0.400433 0.115260 0.093795
0 0.322240 0.509380 0.103896 0.083694
0 0.211851 0.623377 0.116883 0.083694
0 0.333198 0.626263 0.109578 0.101010
0 0.341315 0.738817 0.107955 0.098124
0 0.219562 0.736652 0.114448 0.093795
0 0.649756 0.401876 0.111201 0.093795
0 0.756899 0.406926 0.104708 0.098124
0 0.754870 0.513709 0.110390 0.086580
0 0.635552 0.512266 0.113636 0.089466
0 0.622971 0.626263 0.109578 0.098124
0 0.753247 0.620491 0.105519 0.092352
0 0.630276 0.738817 0.117695 0.086580