0 0.118912 0.412698 0.093344 0.076479
0 0.216315 0.420635 0.086851 0.075036
0 0.114854 0.503608 0.099838 0.079365
0 0.212256 0.504329 0.090097 0.077922
0 0.209821 0.588745 0.091721 0.070707
0 0.114854 0.588745 0.091721 0.073593
0 0.213068 0.680375 0.101461 0.080808
0 0.107549 0.678932 0.094968 0.080808
0 0.432630 0.421356 0.094156 0.093795
0 0.528003 0.417027 0.086851 0.073593
0 0.528815 0.510101 0.078734 0.069264
0 0.528003 0.592352 0.080357 0.080808
0 0.442776 0.588745 0.090097 0.085137
0 0.433036 0.677489 0.093344 0.077922
0 0.530844 0.678211 0.090909 0.076479
0 0.756899 0.422799 0.088474 0.082251
0 0.851055 0.507937 0.103084 0.076479
0 0.746753 0.515873 0.102273 0.080808
0 0.858360 0.589466 0.088474 0.077922
0 0.845373 0.678932 0.091721 0.080808
0 0.752841 0.680375 0.094968 0.080808