0 0.063718 0.314574 0.077110 0.073593
0 0.142045 0.320346 0.069805 0.064935
0 0.135958 0.384560 0.077110 0.057720
0 0.058847 0.385281 0.081981 0.064935
0 0.062906 0.452381 0.070617 0.060606
0 0.135958 0.451659 0.073864 0.059163
0 0.138799 0.518038 0.074675 0.056277
0 0.055195 0.520924 0.077922 0.062049
0 0.067776 0.795094 0.065747 0.059163
0 0.142857 0.870851 0.079545 0.063492
0 0.311282 0.314574 0.083604 0.076479
0 0.385958 0.314574 0.068994 0.062049
0 0.388799 0.384560 0.064935 0.057720
0 0.318182 0.449495 0.074675 0.060606
0 0.385552 0.450216 0.063312 0.062049
0 0.388393 0.519481 0.073864 0.070707
0 0.310065 0.519481 0.073052 0.073593
0 0.321834 0.801587 0.075487 0.057720
0 0.316558 0.869408 0.073052 0.054834
0 0.392451 0.870130 0.077110 0.067821
0 0.654221 0.813853 0.076299 0.076479
0 0.562906 0.522367 0.077110 0.064935
0 0.640016 0.523088 0.078734 0.060606
0 0.643669 0.453102 0.071429 0.062049
0 0.566153 0.321789 0.073864 0.064935
0 0.558442 0.397547 0.081169 0.072150
0 0.637987 0.388167 0.071429 0.056277
0 0.816153 0.396825 0.065747 0.064935
0 0.892451 0.326840 0.077110 0.069264
0 0.893263 0.468975 0.070617 0.056277