0 0.657873 0.163781 0.041396 0.141414
0 0.753247 0.158009 0.045455 0.155844
0 0.844156 0.159452 0.042208 0.129870
0 0.567776 0.326118 0.041396 0.154401
0 0.798295 0.319625 0.038149 0.158730
0 0.893263 0.331890 0.046266 0.145743
0 0.894075 0.710678 0.044643 0.152958
0 0.847403 0.698413 0.045455 0.145743
0 0.753247 0.705628 0.038961 0.137085
0 0.808036 0.852092 0.041396 0.152958
0 0.711039 0.865079 0.038961 0.144300
0 0.613231 0.852814 0.038149 0.142857
0 0.564123 0.860029 0.035714 0.139971
0 0.521104 0.862915 0.037338 0.148629
0 0.475244 0.876623 0.043019 0.152958
0 0.426542 0.883838 0.041396 0.161616
0 0.382305 0.888167 0.038961 0.152958
0 0.288555 0.875180 0.041396 0.147186
0 0.237013 0.879509 0.042208 0.150072