0.16822916666666668 0.2916666666666667 0.06666666666666667 0.058333333333333334
0.16197916666666667 0.35 0.0671875 0.04814814814814815
0.1640625 0.41203703703703703 0.07395833333333333 0.05462962962962963
0.16666666666666666 0.47129629629629627 0.06302083333333333 0.05648148148148148
0.1578125 0.7324074074074074 0.0625 0.05185185185185185
0.15833333333333333 0.7925925925925926 0.0578125 0.05462962962962963
0.15885416666666666 0.8555555555555555 0.058854166666666666 0.06018518518518518
0.32395833333333335 0.7333333333333333 0.0703125 0.05925925925925926
0.3307291666666667 0.7925925925925926 0.0640625 0.06111111111111111
0.3234375 0.8518518518518519 0.06770833333333333 0.05925925925925926
0.3984375 0.7296296296296296 0.06979166666666667 0.062037037037037036
0.4 0.7888888888888889 0.06041666666666667 0.058333333333333334
0.4015625 0.8537037037037037 0.0734375 0.05925925925925926
0.3255208333333333 0.2861111111111111 0.06510416666666667 0.062037037037037036
0.3265625 0.34814814814814815 0.0640625 0.06018518518518518
0.325 0.4083333333333333 0.06510416666666667 0.06018518518518518
0.3859375 0.4648148148148148 0.07083333333333333 0.06018518518518518
0.38958333333333334 0.40555555555555556 0.0703125 0.06296296296296296
0.38958333333333334 0.3472222222222222 0.06822916666666666 0.06018518518518518
0.3927083333333333 0.28703703703703703 0.059895833333333336 0.06018518518518518
0.55 0.287962962962963 0.06614583333333333 0.05740740740740741
0.5541666666666667 0.3435185185185185 0.07083333333333333 0.05
0.5630208333333333 0.4046296296296296 0.059895833333333336 0.05092592592592592
0.5567708333333333 0.4666666666666667 0.0609375 0.05555555555555555
0.61875 0.4638888888888889 0.06822916666666666 0.05555555555555555
0.6197916666666666 0.40185185185185185 0.06875 0.058333333333333334
0.6234375 0.3416666666666667 0.06614583333333333 0.05925925925925926
0.6182291666666667 0.2824074074074074 0.07083333333333333 0.05277777777777778
0.6140625 0.22592592592592592 0.06927083333333334 0.05185185185185185
0.5520833333333334 0.7240740740740741 0.071875 0.05925925925925926
0.5557291666666667 0.7861111111111111 0.06822916666666666 0.058333333333333334
0.553125 0.8462962962962963 0.071875 0.06666666666666667
0.6229166666666667 0.7212962962962963 0.07135416666666666 0.05925925925925926
0.63125 0.787962962962963 0.06927083333333334 0.06018518518518518
0.6338541666666667 0.85 0.0703125 0.06111111111111111
0.7744791666666667 0.7166666666666667 0.071875 0.05277777777777778
0.7755208333333333 0.7777777777777778 0.08541666666666667 0.058333333333333334
0.7859375 0.8398148148148148 0.071875 0.06111111111111111
0.8494791666666667 0.7157407407407408 0.06510416666666667 0.05555555555555555
0.8546875 0.7759259259259259 0.07447916666666667 0.05555555555555555
0.8546875 0.8379629629629629 0.0734375 0.05648148148148148
0.775 0.3435185185185185 0.06875 0.05462962962962963
0.7739583333333333 0.3990740740740741 0.0734375 0.06111111111111111
0.775 0.4583333333333333 0.06822916666666666 0.05277777777777778
0.8385416666666666 0.45925925925925926 0.07760416666666667 0.05092592592592592
0.8427083333333333 0.4009259259259259 0.06979166666666667 0.05740740740740741
0.8369791666666667 0.2796296296296296 0.07447916666666667 0.053703703703703705
0.8322916666666667 0.22037037037037038 0.07135416666666666 0.05740740740740741
0.8369791666666667 0.13703703703703704 0.07135416666666666 0.053703703703703705
