0 0.199412 0.309684 0.071369 0.049258
0 0.194794 0.375362 0.070529 0.055229
0 0.199832 0.441039 0.072208 0.052244
0 0.196474 0.503732 0.063812 0.049258
0 0.183039 0.761965 0.063812 0.055229
0 0.179261 0.826896 0.069689 0.065678
0 0.184299 0.892574 0.068010 0.053736
0 0.355584 0.884364 0.064652 0.058214
0 0.437448 0.886603 0.065491 0.065678
0 0.428212 0.821672 0.058774 0.055229
0 0.360621 0.824657 0.066331 0.058214
0 0.363980 0.762711 0.057935 0.053736
0 0.431990 0.761218 0.068010 0.053736
0 0.362720 0.318640 0.065491 0.061200
0 0.422334 0.317147 0.053736 0.058214
0 0.420235 0.378347 0.057935 0.055229
0 0.359362 0.380586 0.062133 0.059707
0 0.424853 0.438800 0.062133 0.059707
0 0.353065 0.436561 0.059614 0.055229
0 0.418556 0.498507 0.068010 0.053736
0 0.871537 0.163401 0.065491 0.058214
0 0.936608 0.369391 0.069689 0.076127
0 0.870277 0.244006 0.071369 0.067170
0 0.871537 0.300728 0.063812 0.055229
0 0.875315 0.426859 0.061293 0.059707
0 0.879093 0.488805 0.070529 0.055229
0 0.808144 0.369391 0.068010 0.055229
0 0.814442 0.427605 0.062133 0.058214
0 0.811503 0.488805 0.061293 0.061200
0 0.647355 0.251469 0.067170 0.058214
0 0.652813 0.306698 0.066331 0.055229
0 0.656171 0.367152 0.064652 0.059707
0 0.581444 0.309684 0.054576 0.058214
0 0.593619 0.370883 0.062133 0.061200
0 0.591940 0.432083 0.058774 0.061200
0 0.652393 0.430591 0.062133 0.067170
0 0.652813 0.494776 0.068010 0.058214
0 0.589001 0.494029 0.059614 0.059707
0 0.587322 0.754501 0.059614 0.061200
0 0.589421 0.818686 0.057095 0.052244
0 0.668766 0.816447 0.069689 0.056722
0 0.670025 0.885111 0.063812 0.065678
0 0.595298 0.885111 0.058774 0.062692
0 0.882872 0.747784 0.059614 0.050751
0 0.893367 0.804506 0.070529 0.062692
0 0.896306 0.873169 0.069689 0.068663
0 0.821579 0.870184 0.064652 0.056722
0 0.824097 0.809730 0.066331 0.070156
0 0.813182 0.747038 0.066331 0.064185