0 0.412946 0.161438 0.033585 0.116700
0 0.446149 0.162117 0.032822 0.120771
0 0.480116 0.160081 0.030532 0.119414
0 0.511411 0.166187 0.030532 0.112629
0 0.544233 0.162795 0.029005 0.103130
0 0.604916 0.158724 0.032822 0.103130
0 0.637738 0.160081 0.029769 0.108558
0 0.733532 0.183150 0.035112 0.116700
0 0.772078 0.185185 0.035875 0.123485
0 0.829708 0.164152 0.027479 0.100416
0 0.574002 0.396874 0.030532 0.107201
0 0.541943 0.392803 0.030532 0.096345
0 0.510266 0.400266 0.026716 0.111272
0 0.477444 0.398909 0.032822 0.103130
0 0.509885 0.505432 0.030532 0.101773
0 0.478589 0.503397 0.033585 0.100416
0 0.414854 0.504754 0.032822 0.103130
0 0.380887 0.390089 0.027479 0.101773
0 0.380887 0.501361 0.030532 0.107201
0 0.349592 0.499326 0.029005 0.105844
0 0.317533 0.506111 0.032059 0.105844
0 0.319060 0.394160 0.033585 0.112629
0 0.285093 0.395517 0.032822 0.104487
0 0.188535 0.496612 0.038165 0.103130
0 0.282040 0.776828 0.032822 0.101773
0 0.246546 0.771400 0.033585 0.104487
0 0.346538 0.778863 0.032059 0.111272
0 0.380505 0.769365 0.032822 0.105844
0 0.447294 0.776828 0.029005 0.104487
0 0.380505 0.878601 0.031295 0.101773
0 0.314861 0.893528 0.032822 0.099059