0 0.187238 0.753009 0.067170 0.058214
0 0.180940 0.817940 0.066331 0.059707
0 0.185139 0.880633 0.062972 0.062692
0 0.358522 0.873915 0.070529 0.061200
0 0.361881 0.811969 0.065491 0.053736
0 0.364819 0.757487 0.059614 0.061200
0 0.431150 0.752262 0.069689 0.053736
0 0.428212 0.816447 0.067170 0.065678
0 0.432830 0.879886 0.074727 0.067170
0 0.586062 0.747038 0.060453 0.061200
0 0.589001 0.808238 0.059614 0.058214
0 0.592779 0.869437 0.063812 0.064185
0 0.200672 0.302967 0.067170 0.059707
0 0.197313 0.370883 0.070529 0.058214
0 0.201931 0.438054 0.073048 0.064185
0 0.199832 0.498507 0.063812 0.056722
0 0.361041 0.312669 0.062133 0.055229
0 0.423594 0.310430 0.059614 0.065678
0 0.421914 0.372376 0.059614 0.058214
0 0.360202 0.370883 0.062133 0.061200
0 0.355584 0.427605 0.062972 0.052244
0 0.425693 0.431337 0.065491 0.065678
0 0.873636 0.157431 0.062972 0.070156
0 0.871537 0.233557 0.067170 0.061200
0 0.873636 0.294757 0.071369 0.061200
0 0.902183 0.358942 0.064652 0.061200
0 0.878673 0.420888 0.066331 0.059707
0 0.881612 0.480595 0.072208 0.053736
0 0.811923 0.479849 0.060453 0.055229
0 0.813602 0.423127 0.065491 0.055229
0 0.811083 0.361927 0.063812 0.058214
0 0.649034 0.242513 0.065491 0.064185
0 0.654492 0.301474 0.068010 0.062692
0 0.583123 0.302967 0.064652 0.053736
0 0.594878 0.361927 0.061293 0.064185
0 0.658270 0.364913 0.063812 0.064185
0 0.655751 0.428352 0.067170 0.059707
0 0.594039 0.423873 0.057935 0.059707
0 0.588161 0.484327 0.061293 0.058214
0 0.421495 0.488805 0.072208 0.058214
0 0.654072 0.485820 0.068850 0.061200
0 0.668346 0.807491 0.077246 0.062692
0 0.671285 0.873915 0.071369 0.061200
0 0.812762 0.739575 0.063812 0.061200
0 0.881612 0.737336 0.068850 0.056722
0 0.894207 0.801521 0.068850 0.062692
0 0.895466 0.862720 0.071369 0.062692
0 0.823678 0.867945 0.063812 0.064185
0 0.827036 0.803760 0.067170 0.064185