0 0.329975 0.254455 0.060453 0.052244
0 0.468934 0.385064 0.057935 0.053736
0 0.531486 0.379840 0.062133 0.061200
0 0.674223 0.374615 0.052057 0.053736
0 0.736776 0.431337 0.052897 0.056722
0 0.736776 0.484327 0.056255 0.052244
0 0.731738 0.534332 0.054576 0.050751
0 0.671285 0.536571 0.052897 0.046273
0 0.672124 0.483581 0.056255 0.044780
0 0.674223 0.430591 0.058774 0.052244
0 0.742233 0.822418 0.055416 0.053736
0 0.657431 0.673150 0.057095 0.053736
0 0.675903 0.824657 0.055416 0.052244
0 0.678002 0.879886 0.061293 0.055229
0 0.677582 0.767935 0.058774 0.058214
0 0.531906 0.829882 0.054576 0.053736
0 0.533165 0.888842 0.055416 0.052244
0 0.471872 0.885111 0.062133 0.053736
0 0.329135 0.782116 0.060453 0.053736
0 0.332914 0.836599 0.069689 0.055229
0 0.340470 0.894067 0.059614 0.056722
0 0.271201 0.894813 0.058774 0.052244
0 0.272040 0.839584 0.060453 0.052244
0 0.264484 0.786594 0.063812 0.050751
0 0.136860 0.894067 0.063812 0.059707
0 0.068430 0.903023 0.062972 0.050751
0 0.066331 0.847047 0.057095 0.049258
0 0.062972 0.785101 0.062133 0.053736
0 0.531906 0.438054 0.054576 0.049258
0 0.472712 0.438054 0.060453 0.049258
0 0.471453 0.494029 0.059614 0.053736
0 0.470613 0.544780 0.061293 0.047766
0 0.329555 0.495522 0.057935 0.056722
0 0.331654 0.440293 0.058774 0.047766
0 0.329975 0.383571 0.062133 0.050751
0 0.329135 0.332820 0.062133 0.053736
0 0.268682 0.388796 0.053736 0.043288
0 0.268262 0.441786 0.061293 0.056722
0 0.269521 0.497761 0.062133 0.052244
0 0.267422 0.550751 0.057935 0.050751
0 0.126364 0.554483 0.059614 0.049258
0 0.069689 0.554483 0.058774 0.052244
0 0.067590 0.505224 0.059614 0.046273
0 0.126784 0.502239 0.060453 0.052244
0 0.131822 0.450742 0.060453 0.059707
0 0.073048 0.452234 0.060453 0.053736
0 0.068850 0.394766 0.060453 0.049258
0 0.131822 0.397005 0.063812 0.053736
0 0.129723 0.341030 0.071369 0.055229