0 0.829975 0.186538 0.061293 0.050751
0 0.972292 0.320132 0.053736 0.052244
0 0.971453 0.370137 0.057094 0.053736
0 0.971033 0.424620 0.057934 0.055229
0 0.971033 0.477610 0.057934 0.053736
0 0.827456 0.261918 0.057935 0.055229
0 0.830395 0.312669 0.060453 0.049258
0 0.832494 0.428352 0.057935 0.059707
0 0.833333 0.480595 0.059614 0.047766
0 0.771620 0.473878 0.055416 0.046273
0 0.772880 0.423873 0.059614 0.044780
0 0.769941 0.371630 0.058774 0.050751
0 0.769521 0.314908 0.056255 0.056722
0 0.628463 0.257440 0.061293 0.055229
0 0.630143 0.311923 0.059614 0.044780
0 0.632662 0.369391 0.061293 0.055229
0 0.631402 0.424620 0.060453 0.055229
0 0.630563 0.479103 0.058774 0.053736
0 0.542821 0.481342 0.049538 0.055229
0 0.573887 0.421634 0.052897 0.052244
0 0.573887 0.370137 0.054576 0.047766
0 0.566331 0.320132 0.052897 0.058214
0 0.426952 0.321625 0.051217 0.055229
0 0.424433 0.373869 0.049538 0.052244
0 0.425273 0.430591 0.056255 0.058214
0 0.422334 0.482834 0.060453 0.058214
0 0.370697 0.323864 0.056255 0.056722
0 0.369857 0.375362 0.057935 0.046273
0 0.365659 0.427605 0.061293 0.058214
0 0.225861 0.476864 0.055416 0.052244
0 0.232158 0.421634 0.064652 0.046273
0 0.226700 0.369391 0.062133 0.052244
0 0.223342 0.314908 0.058774 0.053736
0 0.215365 0.706736 0.059614 0.055229
0 0.211167 0.762711 0.059614 0.053736
0 0.214106 0.818686 0.058774 0.052244
0 0.430730 0.712706 0.065491 0.055229
0 0.427372 0.768682 0.058774 0.053736
0 0.368178 0.768682 0.059614 0.056722
0 0.366499 0.819433 0.061293 0.047766
0 0.435768 0.824657 0.057095 0.058214
0 0.568430 0.712706 0.053736 0.055229
0 0.568850 0.769428 0.054576 0.055229
0 0.571369 0.822418 0.059614 0.053736
0 0.641478 0.828389 0.055416 0.059707
0 0.770781 0.710467 0.058774 0.047766
0 0.831234 0.711960 0.063812 0.053736
0 0.840050 0.767935 0.061293 0.058214
0 0.779177 0.766443 0.062133 0.049258
0 0.845088 0.822418 0.062972 0.053736
0 0.780856 0.824657 0.057095 0.058214
0 0.973971 0.817940 0.052057 0.056722