0 0.047078 0.282828 0.074675 0.067821
0 0.044643 0.352092 0.074675 0.067821
0 0.044237 0.414863 0.075487 0.060606
0 0.051136 0.481241 0.068182 0.063492
0 0.045455 0.878066 0.068182 0.066378
0 0.209416 0.281385 0.069805 0.062049
0 0.277192 0.284271 0.068994 0.067821
0 0.450081 0.284993 0.070617 0.060606
0 0.520292 0.289322 0.066558 0.060606
0 0.689935 0.287879 0.073052 0.060606
0 0.759740 0.285714 0.069805 0.062049
0 0.753653 0.344877 0.067370 0.059163
0 0.760552 0.412698 0.064935 0.062049
0 0.767451 0.478355 0.067370 0.063492
0 0.690747 0.414863 0.069805 0.066378
0 0.693182 0.479798 0.073052 0.054834
0 0.451299 0.357864 0.071429 0.056277
0 0.524351 0.352092 0.073052 0.067821
0 0.525568 0.414141 0.073864 0.059163
0 0.454951 0.419192 0.065747 0.060606
0 0.447240 0.477633 0.073052 0.062049
0 0.520698 0.481241 0.065747 0.060606
0 0.281656 0.350649 0.069805 0.059163
0 0.213474 0.352092 0.064935 0.059163
0 0.276786 0.414141 0.069805 0.053391
0 0.273945 0.479076 0.070617 0.062049
0 0.312094 0.759019 0.088474 0.067821
0 0.536526 0.639971 0.071429 0.051948
0 0.212256 0.750361 0.072240 0.062049
0 0.215909 0.813131 0.073052 0.060606
0 0.213880 0.878066 0.065747 0.060606
0 0.290179 0.816739 0.075487 0.059163
0 0.286932 0.888167 0.067370 0.063492
0 0.455357 0.756133 0.068182 0.070707
0 0.458198 0.821068 0.065747 0.064935
0 0.532873 0.821068 0.064123 0.067821
0 0.524756 0.885281 0.067370 0.063492
0 0.696834 0.754690 0.060877 0.059163
0 0.772321 0.761183 0.067370 0.066378
0 0.696023 0.814574 0.065747 0.057720
0 0.691153 0.875902 0.062500 0.056277
0 0.770698 0.888167 0.068994 0.060606
0 0.928977 0.820346 0.068994 0.069264
0 0.910714 0.880952 0.071429 0.063492
0 0.944805 0.287157 0.069805 0.062049
0 0.935471 0.351371 0.070617 0.063492
0 0.929789 0.415584 0.070617 0.064935
0 0.931006 0.481241 0.069805 0.060606