0 0.689529 0.397547 0.043019 0.129870
0 0.768263 0.261183 0.036526 0.122655
0 0.846185 0.256854 0.038149 0.131313
0 0.918019 0.259019 0.040584 0.109668
0 0.961039 0.405483 0.035714 0.134199
0 0.881899 0.386003 0.034903 0.121212
0 0.958604 0.709235 0.037338 0.132756
0 0.920455 0.701299 0.037338 0.131313
0 0.842938 0.711400 0.036526 0.122655
0 0.886364 0.828283 0.037338 0.128427
0 0.806818 0.834776 0.037338 0.115440
0 0.728896 0.824675 0.038961 0.118326
0 0.690341 0.836941 0.036526 0.108225
0 0.653003 0.839105 0.039773 0.124098
0 0.615260 0.847042 0.038961 0.131313
0 0.576299 0.853535 0.032468 0.135642
0 0.538961 0.859307 0.032468 0.129870
0 0.463474 0.837662 0.035714 0.126984
0 0.420455 0.843434 0.034091 0.124098