0 0.852679 0.332612 0.052760 0.043290
0 0.905438 0.380231 0.052760 0.043290
0 0.851055 0.376623 0.046266 0.044733
0 0.903815 0.422799 0.049513 0.047619
0 0.852679 0.424964 0.051136 0.040404
0 0.849838 0.469697 0.047078 0.040404
0 0.850649 0.661616 0.050325 0.043290
0 0.852273 0.709235 0.043831 0.046176
0 0.904221 0.710678 0.055195 0.043290
0 0.903003 0.752525 0.056006 0.049062
0 0.732143 0.756854 0.053571 0.046176
0 0.738636 0.709957 0.042208 0.047619
0 0.666802 0.753247 0.051136 0.044733
0 0.679383 0.703463 0.050325 0.046176
0 0.568182 0.662338 0.047078 0.047619
0 0.514205 0.657287 0.044643 0.043290
0 0.513799 0.704906 0.045455 0.037518
0 0.510958 0.748918 0.046266 0.041847
0 0.567370 0.754690 0.042208 0.050505
0 0.396510 0.704906 0.049513 0.046176
0 0.391640 0.754690 0.049513 0.050505
0 0.342127 0.706349 0.049513 0.034632
0 0.342127 0.660895 0.047890 0.041847
0 0.237419 0.658730 0.059253 0.046176
0 0.221185 0.703463 0.051136 0.046176
0 0.219156 0.752525 0.047078 0.046176
0 0.169237 0.744589 0.049513 0.038961
0 0.168019 0.702742 0.051948 0.044733
0 0.168831 0.656566 0.051948 0.047619
0 0.049513 0.746753 0.050325 0.043290
0 0.213474 0.462482 0.045455 0.040404
0 0.215097 0.416306 0.048701 0.040404
0 0.217938 0.370130 0.051136 0.043290
0 0.216315 0.319625 0.052760 0.040404
0 0.165990 0.318182 0.049513 0.040404
0 0.168831 0.369408 0.048701 0.044733
0 0.049513 0.316739 0.055195 0.043290
0 0.048701 0.365079 0.055195 0.044733
0 0.049919 0.413420 0.052760 0.043290
0 0.050325 0.458874 0.051948 0.041847
0 0.336851 0.326840 0.048701 0.049062
0 0.387175 0.326840 0.043831 0.043290
0 0.390016 0.373016 0.047890 0.043290
0 0.340909 0.374459 0.047078 0.040404
0 0.341721 0.415584 0.047078 0.044733
0 0.391640 0.417749 0.051136 0.046176
0 0.391234 0.464646 0.050325 0.050505
0 0.338880 0.459596 0.052760 0.043290
0 0.510146 0.327561 0.049513 0.050505
0 0.561688 0.326118 0.050325 0.056277
0 0.559659 0.373737 0.051136 0.047619
0 0.508929 0.375180 0.047078 0.047619
0 0.508929 0.417027 0.050325 0.047619
0 0.559659 0.417749 0.051136 0.054834
0 0.562500 0.460317 0.045455 0.044733
0 0.512581 0.460317 0.044643 0.044733
0 0.689123 0.329004 0.047078 0.050505
0 0.736607 0.328283 0.046266 0.049062
0 0.685471 0.372294 0.046266 0.044733
0 0.734172 0.375180 0.046266 0.044733
0 0.680601 0.418470 0.049513 0.041847
0 0.681006 0.470418 0.050325 0.044733