0 0.045455 0.327561 0.063312 0.053391
0 0.044643 0.383117 0.063312 0.051948
0 0.044237 0.436508 0.062500 0.051948
0 0.045860 0.491342 0.060877 0.051948
0 0.183036 0.331169 0.057630 0.054834
0 0.243506 0.330447 0.061688 0.053391
0 0.245130 0.385281 0.060065 0.053391
0 0.184253 0.383838 0.056818 0.050505
0 0.239448 0.437229 0.060065 0.053391
0 0.236201 0.493506 0.055195 0.050505
0 0.045049 0.829004 0.062500 0.051948
0 0.182630 0.722944 0.064935 0.050505
0 0.186688 0.776335 0.055195 0.050505
0 0.184659 0.829004 0.056006 0.043290
0 0.247971 0.831169 0.062500 0.050505
0 0.248782 0.779942 0.064123 0.049062
0 0.268669 0.727994 0.073052 0.057720
0 0.393263 0.726551 0.054383 0.051948
0 0.390422 0.780664 0.053571 0.047619
0 0.450081 0.834776 0.062500 0.054834
0 0.454545 0.779221 0.055195 0.053391
0 0.592938 0.725830 0.052760 0.056277
0 0.593750 0.780664 0.051136 0.056277
0 0.590909 0.833333 0.053571 0.054834
0 0.654627 0.836219 0.056006 0.054834
0 0.656250 0.728716 0.057630 0.053391
0 0.790179 0.782828 0.057630 0.051948
0 0.774756 0.839105 0.056006 0.057720
0 0.857955 0.782828 0.051948 0.054834
0 0.852273 0.837662 0.063312 0.051948
0 0.981331 0.339105 0.037338 0.059163
0 0.980925 0.393218 0.038149 0.049062
0 0.982549 0.448773 0.034902 0.056277
0 0.982143 0.500722 0.035714 0.044733
0 0.981331 0.727994 0.037338 0.060606
0 0.982955 0.787879 0.034090 0.050505
0 0.792614 0.497835 0.057630 0.050505
0 0.791802 0.445887 0.057630 0.056277
0 0.855519 0.339105 0.055195 0.050505
0 0.853490 0.394661 0.054383 0.054834
0 0.794643 0.391053 0.056818 0.059163
0 0.801542 0.336941 0.052760 0.057720
0 0.650568 0.334776 0.056006 0.044733
0 0.642045 0.386724 0.055195 0.053391
0 0.646104 0.441558 0.051948 0.053391
0 0.651380 0.492785 0.057630 0.046176
0 0.593750 0.497114 0.054383 0.046176
0 0.588474 0.444444 0.058442 0.053391
0 0.586851 0.391053 0.053571 0.059163
0 0.591315 0.334776 0.059253 0.050505
0 0.443994 0.334055 0.051948 0.046176
0 0.446429 0.385281 0.056818 0.056277
0 0.449269 0.440837 0.062500 0.049062
0 0.446023 0.494949 0.056006 0.053391
0 0.383523 0.333333 0.047890 0.047619
0 0.389610 0.388167 0.055195 0.047619
0 0.391234 0.440115 0.051948 0.053391
0 0.386769 0.493506 0.060877 0.056277