0 0.709010 0.211400 0.033279 0.098124
0 0.773133 0.205628 0.031656 0.101010
0 0.833198 0.206349 0.028409 0.096681
0 0.865260 0.326840 0.035714 0.109668
0 0.800731 0.310245 0.036526 0.096681
0 0.650162 0.314574 0.030844 0.105339
0 0.865666 0.575758 0.033279 0.105339
0 0.834416 0.572150 0.034091 0.109668
0 0.772321 0.571429 0.033279 0.102453
0 0.805601 0.669553 0.033279 0.108225
0 0.740666 0.676768 0.034903 0.105339
0 0.678166 0.670274 0.030032 0.095238
0 0.646510 0.678211 0.031656 0.090909
0 0.617289 0.670996 0.028409 0.105339
0 0.586851 0.679654 0.029221 0.111111
0 0.553571 0.686869 0.029221 0.113997
0 0.523945 0.687590 0.025162 0.098124
0 0.463474 0.670996 0.030844 0.105339
0 0.429789 0.679654 0.030032 0.102453
0 0.711851 0.899711 0.029221 0.112554
0 0.680601 0.895382 0.033279 0.112554
0 0.646916 0.906926 0.030844 0.109668
0 0.584010 0.899711 0.026786 0.106782
0 0.556412 0.902597 0.028409 0.106782
0 0.525568 0.910534 0.025162 0.093795
0 0.490666 0.904762 0.028409 0.093795
0 0.463068 0.911255 0.026786 0.106782
0 0.398945 0.900433 0.028409 0.099567
0 0.276380 0.898990 0.030032 0.105339