0 0.648539 0.466811 0.108766 0.106782
0 0.757711 0.466811 0.107955 0.103896
0 0.756899 0.577201 0.116071 0.099567
0 0.635958 0.575758 0.112825 0.099567
0 0.622971 0.689755 0.111201 0.099567
0 0.753653 0.685426 0.109578 0.113997
0 0.632711 0.799423 0.116071 0.108225
0 0.344968 0.802309 0.116883 0.096681
0 0.217127 0.798701 0.116071 0.098124
0 0.209010 0.689755 0.119318 0.093795
0 0.329951 0.691198 0.107955 0.099567
0 0.319399 0.573593 0.107955 0.101010
0 0.332792 0.467532 0.112013 0.099567
0 0.215503 0.471861 0.116071 0.105339