0 0.395046 0.120114 0.031066 0.097024
0 0.425693 0.124592 0.030227 0.108965
0 0.455919 0.129070 0.026868 0.100009
0 0.615449 0.124592 0.028547 0.097024
0 0.645676 0.125338 0.028547 0.101502
0 0.648615 0.234304 0.037783 0.104487
0 0.615029 0.234304 0.027708 0.095531
0 0.585642 0.232065 0.027708 0.097024
0 0.456339 0.232811 0.029387 0.101502
0 0.426113 0.231318 0.032746 0.101502
0 0.396725 0.221616 0.027708 0.091053
0 0.363140 0.226840 0.029387 0.089561
0 0.649454 0.485820 0.029387 0.097024
0 0.616709 0.485820 0.031066 0.100009
0 0.650294 0.597770 0.034425 0.117921
0 0.458438 0.595531 0.028547 0.110458
0 0.426532 0.486566 0.030227 0.107473
0 0.394626 0.485820 0.028547 0.100009
0 0.363560 0.480595 0.026868 0.104487
0 0.362301 0.591800 0.029387 0.100009
0 0.393367 0.594785 0.029387 0.108965
0 0.424433 0.597024 0.027708 0.107473
0 0.282536 0.852272 0.029387 0.107473
0 0.324937 0.853764 0.030227 0.110458
0 0.358942 0.853764 0.029387 0.113443
0 0.424433 0.851525 0.034425 0.117921
0 0.458438 0.853018 0.028547 0.102995
0 0.653233 0.834360 0.030227 0.113443
0 0.620067 0.836599 0.031066 0.117921
0 0.591520 0.850779 0.027708 0.098517
0 0.456339 0.959744 0.029387 0.077619
0 0.424433 0.955266 0.027708 0.086575
0 0.393367 0.952281 0.026029 0.086575
0 0.654912 0.951535 0.031906 0.094039
0 0.623426 0.952281 0.031066 0.092546
0 0.591520 0.956013 0.029387 0.082097