0 0.339211 0.148475 0.031906 0.105980
0 0.369437 0.141011 0.031906 0.111951
0 0.405542 0.137280 0.033585 0.104487
0 0.437448 0.142504 0.033585 0.105980
0 0.473552 0.145489 0.035264 0.108965
0 0.679261 0.126085 0.033585 0.105980
0 0.646516 0.126085 0.033585 0.108965
0 0.681360 0.248484 0.031066 0.100009
0 0.646935 0.252962 0.032746 0.108965
0 0.612510 0.255947 0.036104 0.100009
0 0.473971 0.255947 0.032746 0.094039
0 0.439127 0.244006 0.030227 0.102995
0 0.407221 0.241767 0.031906 0.116429
0 0.370697 0.262664 0.032746 0.104487
0 0.680101 0.514180 0.030227 0.120907
0 0.649874 0.526122 0.033585 0.100009
0 0.615029 0.523136 0.032746 0.114936
0 0.683039 0.649268 0.031066 0.116429
0 0.651134 0.639565 0.032746 0.105980
0 0.619228 0.632102 0.034425 0.100009
0 0.474811 0.541049 0.032746 0.123892
0 0.442485 0.535078 0.033585 0.108965
0 0.409320 0.537317 0.032746 0.110458
0 0.377414 0.538810 0.034425 0.110458
0 0.374895 0.649268 0.034425 0.113443
0 0.409320 0.645536 0.032746 0.108965
0 0.440806 0.657477 0.031906 0.108965
0 0.685978 0.934369 0.033585 0.104487
0 0.652393 0.941063 0.036944 0.117874
0 0.617968 0.938847 0.033585 0.107473
0 0.476490 0.929145 0.031066 0.111951
0 0.442905 0.923920 0.037783 0.116429
0 0.405961 0.932130 0.037783 0.120907
0 0.366079 0.924666 0.033585 0.114936