0 0.146916 0.461760 0.108766 0.079365
0 0.246753 0.466089 0.094156 0.088023
0 0.250812 0.559163 0.090909 0.072150
0 0.153409 0.639971 0.094156 0.089466
0 0.248782 0.647908 0.086851 0.085137
0 0.249594 0.733045 0.101461 0.073593
0 0.141234 0.726551 0.097403 0.072150
0 0.485795 0.466811 0.091721 0.086580
0 0.575893 0.564935 0.101461 0.083694
0 0.473620 0.568543 0.101461 0.085137
0 0.584821 0.642136 0.091721 0.082251
0 0.480519 0.730880 0.094156 0.089466
0 0.580357 0.731602 0.097403 0.085137
0 0.807630 0.560606 0.090909 0.092352
0 0.905438 0.472583 0.099838 0.095238
0 0.911120 0.660895 0.090097 0.088023