0 0.206169 0.288600 0.084416 0.082251
0 0.297078 0.291486 0.081169 0.076479
0 0.298295 0.374459 0.086851 0.083694
0 0.202922 0.376623 0.092532 0.082251
0 0.202922 0.456710 0.086039 0.077922
0 0.298701 0.453102 0.094156 0.073593
0 0.197646 0.536797 0.096591 0.073593
0 0.299107 0.532468 0.098214 0.076479
0 0.210633 0.867244 0.085227 0.070707
0 0.299107 0.943723 0.091721 0.082251
0 0.500812 0.536075 0.086039 0.089466
0 0.502029 0.292208 0.090097 0.089466
0 0.594562 0.290043 0.088474 0.085137
0 0.595373 0.373737 0.086851 0.067821
0 0.594968 0.453824 0.089286 0.072150
0 0.509334 0.455267 0.081981 0.083694
0 0.591721 0.536797 0.082792 0.076479
0 0.808847 0.291486 0.085227 0.085137
0 0.798295 0.386003 0.091721 0.075036
0 0.896916 0.378066 0.097403 0.064935
0 0.900568 0.453824 0.085227 0.069264
0 0.892857 0.536075 0.089286 0.083694
0 0.805195 0.536075 0.081169 0.080808
0 0.512581 0.867965 0.086851 0.080808
0 0.499594 0.948773 0.077110 0.083694
0 0.589286 0.954545 0.074675 0.066378
0 0.903003 0.883117 0.086851 0.070707