0 0.091315 0.161616 0.093344 0.073593
0 0.088474 0.243867 0.090909 0.076479
0 0.086445 0.321789 0.090097 0.070707
0 0.092127 0.404040 0.085227 0.064935
0 0.297890 0.160173 0.086039 0.070707
0 0.383929 0.160895 0.089286 0.069264
0 0.387175 0.248196 0.082792 0.079365
0 0.302760 0.243867 0.082792 0.076479
0 0.379464 0.329004 0.078734 0.082251
0 0.377435 0.402597 0.084416 0.082251
0 0.425731 0.761183 0.106331 0.077922
0 0.296266 0.752525 0.087662 0.077922
0 0.300325 0.837662 0.082792 0.075036
0 0.391234 0.844156 0.082792 0.082251
0 0.390422 0.926407 0.077922 0.090909
0 0.301948 0.917749 0.084416 0.079365
0 0.081981 0.922799 0.090909 0.086580
0 0.608360 0.759019 0.080357 0.082251
0 0.609984 0.844156 0.077110 0.082251
0 0.696429 0.922078 0.084416 0.076479
0 0.704140 0.838384 0.081981 0.079365
0 0.910308 0.756854 0.081981 0.066378
0 0.911120 0.836941 0.078734 0.070707
0 0.906656 0.909091 0.079545 0.070707
0 0.594156 0.173160 0.071429 0.076479
0 0.683847 0.167388 0.080357 0.070707
0 0.603896 0.260462 0.076299 0.069264
0 0.687906 0.251804 0.081981 0.075036
0 0.689529 0.331169 0.091721 0.077922
0 0.601867 0.334055 0.080357 0.077922
0 0.599838 0.407648 0.087662 0.083694
0 0.690341 0.414141 0.085227 0.076479
0 0.898539 0.172439 0.086039 0.089466
0 0.897727 0.328283 0.095779 0.077922
0 0.906250 0.406926 0.083604 0.073593
0 0.966315 0.246753 0.067370 0.076479
0 0.969968 0.168831 0.060064 0.076479