0 0.676948 0.138528 0.025974 0.111111
0 0.645698 0.139971 0.026786 0.111111
0 0.679789 0.262626 0.026786 0.108225
0 0.646104 0.260462 0.025974 0.109668
0 0.614448 0.264069 0.025974 0.111111
0 0.473214 0.146465 0.025974 0.106782
0 0.473620 0.261905 0.026786 0.103896
0 0.439935 0.147186 0.027597 0.105339
0 0.439123 0.262626 0.025974 0.105339
0 0.408685 0.262626 0.025162 0.108225
0 0.407873 0.143579 0.025162 0.101010
0 0.375406 0.147908 0.025162 0.106782
0 0.374188 0.265512 0.022727 0.102453
0 0.342938 0.150794 0.025162 0.101010
0 0.343750 0.265512 0.025162 0.102453
0 0.293425 0.155123 0.025162 0.101010
0 0.293425 0.268398 0.026786 0.102453
0 0.474026 0.533911 0.025974 0.111111
0 0.441153 0.533911 0.025162 0.111111
0 0.409497 0.536075 0.026786 0.109668
0 0.375406 0.537518 0.025162 0.103896
0 0.341721 0.538961 0.027597 0.109668
0 0.291802 0.540404 0.028409 0.106782
0 0.612419 0.139250 0.023539 0.101010
0 0.680195 0.522367 0.025974 0.125541
0 0.645698 0.520202 0.033279 0.118326
0 0.615666 0.523088 0.026786 0.112554
0 0.616071 0.648629 0.027597 0.118326
0 0.650162 0.651515 0.022727 0.121212
0 0.683442 0.651515 0.029221 0.115440
0 0.290584 0.657287 0.025974 0.103896
0 0.341315 0.655123 0.023539 0.105339
0 0.374594 0.653680 0.025162 0.108225
0 0.408685 0.654401 0.023539 0.109668
0 0.442370 0.652958 0.025974 0.109668
0 0.472403 0.655844 0.024351 0.106782
0 0.474838 0.919913 0.027597 0.112554
0 0.442370 0.919913 0.025974 0.106782
0 0.408279 0.920635 0.025974 0.111111
0 0.375000 0.924242 0.027597 0.109668
0 0.342127 0.922078 0.026786 0.113997
0 0.288961 0.923521 0.030844 0.113997
0 0.619318 0.922799 0.029221 0.121212
0 0.651380 0.920635 0.028409 0.116883
0 0.684659 0.919192 0.023539 0.116883