0 0.202110 0.320346 0.063312 0.047619
0 0.200893 0.378066 0.065747 0.041847
0 0.202110 0.441558 0.066558 0.050505
0 0.200893 0.502165 0.064123 0.047619
0 0.202516 0.173160 0.062500 0.050505
0 0.202516 0.263348 0.060877 0.051948
0 0.354708 0.170996 0.061688 0.046176
0 0.424107 0.168831 0.062500 0.050505
0 0.357143 0.320346 0.061688 0.047619
0 0.423701 0.318903 0.060065 0.047619
0 0.423295 0.378788 0.060877 0.049062
0 0.354302 0.379509 0.062500 0.047619
0 0.425325 0.435786 0.063312 0.050505
0 0.356331 0.437229 0.061688 0.047619
0 0.425325 0.497114 0.063312 0.051948
0 0.646916 0.256854 0.060065 0.047619
0 0.578734 0.168110 0.058442 0.051948
0 0.644075 0.168831 0.059253 0.047619
0 0.863231 0.167388 0.059253 0.047619
0 0.797890 0.166667 0.056818 0.046176
0 0.800325 0.257576 0.060065 0.046176
0 0.866883 0.253968 0.060065 0.041847
0 0.868506 0.312410 0.060065 0.046176
0 0.802760 0.313131 0.056818 0.044733
0 0.868506 0.368687 0.058442 0.046176
0 0.803977 0.373016 0.057630 0.043290
0 0.804383 0.429293 0.058442 0.046176
0 0.871753 0.426407 0.061688 0.049062
0 0.873782 0.487013 0.060877 0.040404
0 0.807224 0.487734 0.059253 0.047619
0 0.580763 0.258297 0.060877 0.047619
0 0.355519 0.260462 0.060065 0.046176
0 0.422484 0.259740 0.062500 0.047619
0 0.581981 0.317460 0.060065 0.041847
0 0.647727 0.316017 0.058442 0.047619
0 0.581575 0.376623 0.062500 0.047619
0 0.650162 0.374459 0.063312 0.051948
0 0.651786 0.433622 0.061688 0.049062
0 0.583198 0.435065 0.059253 0.049062
0 0.585227 0.492785 0.058442 0.046176
0 0.651380 0.491342 0.064123 0.046176
0 0.809659 0.743867 0.065747 0.046176
0 0.883117 0.743146 0.068182 0.050505
0 0.809659 0.805916 0.064123 0.051948
0 0.883117 0.804473 0.069805 0.049062
0 0.814529 0.872294 0.067370 0.054834
0 0.887175 0.871573 0.063312 0.056277
0 0.587662 0.755411 0.066558 0.054834
0 0.586851 0.817460 0.066558 0.049062
0 0.588880 0.876623 0.065747 0.051948
0 0.661526 0.876623 0.069805 0.046176
0 0.662744 0.812410 0.062500 0.053391
0 0.430601 0.761905 0.065747 0.047619
0 0.429383 0.820346 0.064935 0.051948
0 0.429789 0.882395 0.065747 0.051948
0 0.356331 0.761905 0.073052 0.053391
0 0.357955 0.824675 0.069805 0.054834
0 0.356737 0.886003 0.064123 0.041847
0 0.198864 0.764791 0.068182 0.044733
0 0.197646 0.827561 0.068994 0.051948
0 0.195617 0.890332 0.063312 0.053391