0 0.046266 0.279942 0.077922 0.064935
0 0.045049 0.348485 0.077110 0.069264
0 0.045860 0.411977 0.075487 0.069264
0 0.051542 0.477633 0.065747 0.067821
0 0.046672 0.878788 0.070617 0.079365
0 0.214692 0.749639 0.073864 0.063492
0 0.215909 0.816739 0.069805 0.073593
0 0.218750 0.875180 0.064123 0.075036
0 0.285308 0.882395 0.062500 0.066378
0 0.287744 0.821068 0.065747 0.070707
0 0.313312 0.759019 0.087662 0.073593
0 0.379058 0.660173 0.064935 0.063492
0 0.469562 0.586580 0.062500 0.063492
0 0.458198 0.753247 0.068994 0.067821
0 0.458604 0.816739 0.068182 0.062049
0 0.533685 0.816739 0.064123 0.067821
0 0.527192 0.883117 0.072240 0.064935
0 0.700081 0.748918 0.067370 0.062049
0 0.774756 0.753247 0.064123 0.076479
0 0.700893 0.814574 0.065747 0.054834
0 0.691964 0.873016 0.060877 0.067821
0 0.771104 0.883838 0.064935 0.066378
0 0.927760 0.817460 0.077922 0.072150
0 0.911526 0.881674 0.074675 0.070707
0 0.946023 0.287157 0.073864 0.067821
0 0.936688 0.349206 0.079545 0.059163
0 0.928977 0.414141 0.080357 0.067821
0 0.933036 0.481241 0.077110 0.069264
0 0.693182 0.288600 0.073052 0.067821
0 0.762987 0.283550 0.069805 0.063492
0 0.754464 0.342713 0.070617 0.060606
0 0.758117 0.408369 0.068182 0.062049
0 0.690341 0.411255 0.073864 0.070707
0 0.696834 0.472583 0.073864 0.057720
0 0.769075 0.472583 0.070617 0.063492
0 0.519075 0.285714 0.068994 0.062049
0 0.525162 0.353535 0.069805 0.064935
0 0.447240 0.288600 0.061688 0.056277
0 0.454545 0.357864 0.061688 0.062049
0 0.454140 0.419913 0.065747 0.056277
0 0.452922 0.474026 0.068182 0.054834
0 0.524756 0.482684 0.065747 0.066378
0 0.525974 0.411977 0.071429 0.072150
0 0.210227 0.279942 0.069805 0.067821
0 0.281250 0.280664 0.068994 0.063492
0 0.282062 0.352814 0.067370 0.063492
0 0.213880 0.350649 0.062500 0.067821
0 0.276380 0.414863 0.068994 0.072150
0 0.273945 0.476190 0.065747 0.070707