0 0.151553 0.099963 0.135181 0.125385
0 0.284635 0.100709 0.132662 0.126878
0 0.151553 0.282816 0.131822 0.123892
0 0.285894 0.284308 0.135181 0.126878
0 0.285055 0.406708 0.136860 0.126878
0 0.149874 0.405961 0.135181 0.119414
0 0.284635 0.529107 0.132662 0.123892
0 0.149454 0.526868 0.136020 0.128370
0 0.284635 0.650760 0.134341 0.125385
0 0.149874 0.649268 0.131822 0.122399
0 0.147775 0.767189 0.136020 0.113443
0 0.284635 0.769428 0.134341 0.114936
0 0.603694 0.104441 0.132662 0.125385
0 0.735936 0.103694 0.133501 0.123892
0 0.736356 0.287294 0.134341 0.123892
0 0.601595 0.287294 0.130143 0.123892
0 0.735516 0.410439 0.134341 0.125385
0 0.602435 0.409693 0.131822 0.120907
0 0.734677 0.531346 0.134341 0.122399
0 0.602015 0.530600 0.130982 0.120907
0 0.734677 0.651507 0.134341 0.123892
0 0.735936 0.771667 0.138539 0.116429
0 0.601595 0.650760 0.133501 0.125385
0 0.599496 0.770174 0.132662 0.113443