0 0.096558 0.490298 0.132662 0.114936
0 0.095718 0.371630 0.130982 0.116429
0 0.094878 0.191762 0.129303 0.114936
0 0.406381 0.188777 0.127624 0.117921
0 0.534845 0.185045 0.130982 0.113443
0 0.535264 0.363420 0.130143 0.117921
0 0.405961 0.366405 0.131822 0.126878
0 0.536524 0.482088 0.132662 0.122399
0 0.405961 0.483581 0.130143 0.125385
0 0.537364 0.598517 0.132662 0.125385
0 0.537364 0.720170 0.132662 0.117921
0 0.539463 0.832121 0.136860 0.105980
0 0.406381 0.835106 0.129303 0.105980
0 0.405961 0.601502 0.130143 0.125385
0 0.407221 0.719423 0.130982 0.122399
0 0.097397 0.608219 0.130982 0.123892
0 0.097817 0.725394 0.133501 0.131356
0 0.097397 0.837345 0.134341 0.113443