0 0.027192 0.134199 0.054383 0.203463
0 0.091315 0.133478 0.054383 0.202020
0 0.153003 0.132035 0.056006 0.196248
0 0.218344 0.131313 0.056818 0.203463
0 0.282062 0.127706 0.054383 0.204906
0 0.343750 0.126984 0.054383 0.203463
0 0.407062 0.130592 0.056006 0.204906
0 0.471591 0.129870 0.056818 0.209235
0 0.533685 0.130592 0.054383 0.210678
0 0.598214 0.128427 0.058442 0.212121
0 0.661526 0.128427 0.056818 0.203463
0 0.724838 0.130592 0.056818 0.204906
0 0.787744 0.129149 0.057630 0.204906
0 0.850244 0.129149 0.056006 0.204906
0 0.915179 0.131313 0.056006 0.200577
0 0.914773 0.632395 0.053571 0.198413
0 0.849432 0.632035 0.052760 0.206349
0 0.788149 0.631313 0.053571 0.204906
0 0.726055 0.630592 0.054383 0.209235
0 0.600649 0.634921 0.055195 0.203463
0 0.536932 0.638528 0.056006 0.204906
0 0.473214 0.638528 0.056818 0.202020
0 0.411526 0.639971 0.055195 0.204906
0 0.348214 0.638528 0.053571 0.199134
0 0.285308 0.637807 0.056006 0.200577
0 0.221185 0.637807 0.054383 0.200577
0 0.159091 0.639971 0.058442 0.199134
0 0.094562 0.640693 0.056006 0.206349
0 0.032062 0.639971 0.057630 0.202020
0 0.031656 0.858586 0.056818 0.203463
0 0.096591 0.859307 0.055195 0.202020
0 0.159497 0.855700 0.057630 0.200577
0 0.224432 0.857143 0.057630 0.209235
0 0.287744 0.857143 0.054383 0.203463
0 0.348214 0.855700 0.053571 0.200577
0 0.413555 0.854257 0.057630 0.197691
0 0.474432 0.852814 0.056006 0.197691
0 0.538555 0.852814 0.056006 0.200577
0 0.601055 0.850649 0.054383 0.196248
0 0.663555 0.849206 0.049513 0.196248
0 0.726867 0.849206 0.057630 0.202020
0 0.789367 0.850649 0.056006 0.202020
0 0.853896 0.844877 0.051948 0.196248
0 0.663149 0.639250 0.056818 0.200577