0 0.074675 0.387446 0.063312 0.046176
0 0.138799 0.388167 0.061688 0.050505
0 0.137581 0.442280 0.062500 0.054834
0 0.068994 0.442280 0.063312 0.054834
0 0.071023 0.499278 0.056006 0.044733
0 0.135146 0.499278 0.064123 0.047619
0 0.136769 0.550505 0.062500 0.051948
0 0.066153 0.556999 0.060877 0.053391
0 0.075893 0.783550 0.059253 0.053391
0 0.142451 0.842713 0.067370 0.056277
0 0.287338 0.785714 0.060065 0.049062
0 0.277597 0.837662 0.055195 0.057720
0 0.339692 0.842713 0.060877 0.047619
0 0.552760 0.793651 0.056818 0.050505
0 0.275568 0.551227 0.060877 0.050505
0 0.342938 0.553391 0.064123 0.049062
0 0.336445 0.496392 0.052760 0.050505
0 0.278815 0.497114 0.059253 0.057720
0 0.340503 0.445166 0.054383 0.049062
0 0.335227 0.390332 0.058442 0.049062
0 0.274756 0.386003 0.065747 0.054834
0 0.487419 0.391775 0.059253 0.046176
0 0.479708 0.450938 0.066558 0.051948
0 0.547890 0.450216 0.068182 0.059163
0 0.550731 0.504329 0.062500 0.043290
0 0.543425 0.558442 0.060877 0.044733
0 0.484578 0.556277 0.063312 0.051948
0 0.752029 0.398268 0.060877 0.056277
0 0.689935 0.452381 0.055195 0.054834
0 0.754464 0.513709 0.060877 0.059163
0 0.893263 0.449495 0.064123 0.060606
0 0.953328 0.398268 0.065747 0.059163
0 0.950487 0.510823 0.064935 0.053391
0 0.925731 0.559163 0.062500 0.054834
0 0.958604 0.789322 0.056818 0.056277