0 0.471185 0.129149 0.065747 0.219336
0 0.786526 0.113997 0.064935 0.206349
0 0.915584 0.129149 0.064935 0.216450
0 0.725649 0.636364 0.064935 0.212121
0 0.861201 0.632035 0.063312 0.209235
0 0.924513 0.649351 0.061688 0.203463
0 0.804789 0.848485 0.060877 0.209235
0 0.669237 0.863636 0.056006 0.190476
0 0.538961 0.853535 0.056818 0.210678
0 0.471591 0.856421 0.050325 0.207792
0 0.413961 0.860750 0.053571 0.199134
0 0.348620 0.873016 0.056006 0.220779
0 0.279221 0.878066 0.053571 0.239538
0 0.218344 0.880231 0.058442 0.229437
0 0.092127 0.871573 0.057630 0.243867
0 0.024756 0.875902 0.049512 0.243867